<?xml version="1.0"?>
<opencv_storage>
<image_width>0</image_width>
<image_height>0</image_height>
<alpha>1.</alpha>
<beta>0.</beta>
<internal_matrix type_id="opencv-matrix">
  <rows>3</rows>
  <cols>3</cols>
  <dt>d</dt>
  <data>
    0. 0. 0. 0. 0. 0. 0. 0. 0.</data></internal_matrix>
<perspective_matrix type_id="opencv-matrix">
  <rows>3</rows>
  <cols>4</cols>
  <dt>d</dt>
  <data>
    6.1465730537296148e-001 1.1879130193395633e-002
    -3.5341911884446242e-001 3.4786576373605355e-002
    -1.2930612051181999e-002 6.9621468956540034e-001
    -1.0006543365274780e-001 1.2570113537823124e-002
    -1.2011585167881224e-004 4.6116324292592681e-005
    -4.7474234763390409e-004 2.1052588369131076e-005</data></perspective_matrix>
<translational_matrix type_id="opencv-matrix">
  <rows>3</rows>
  <cols>1</cols>
  <dt>d</dt>
  <data>
    0. 0. 0.</data></translational_matrix>
<rotation_matrix type_id="opencv-matrix">
  <rows>3</rows>
  <cols>3</cols>
  <dt>d</dt>
  <data>
    0. 0. 0. 0. 0. 0. 0. 0. 0.</data></rotation_matrix>
<distortion_coefficients type_id="opencv-matrix">
  <rows>1</rows>
  <cols>5</cols>
  <dt>d</dt>
  <data>
    0. 0. 0. 0. 0.</data></distortion_coefficients>
</opencv_storage>
